5.787506722662030029e+10
3.736894544737101853e+01
0.000000000000000000e+00
3.736894544737101853e+01
2.057240440958863473e+04
4.437631596796882718e+02
3.201331165741836458e+02
6.388675150438985639e+01
1.031958222353753627e+03
0.000000000000000000e+00
2.057240440958863473e+04
4.437631596796882718e+02
4.437631596796882718e+02
0.000000000000000000e+00
3.201331165741836458e+02
0.000000000000000000e+00
6.388675150438985639e+01
0.000000000000000000e+00
1.031958222353753627e+03
2.284310415754168034e+09
4.068730142843050003e+09
1.940382735178060597e+06
1.545794033062523460e+10
0.000000000000000000e+00
5.787506722662030029e+10
0.000000000000000000e+00
2.284310415754168034e+09
0.000000000000000000e+00
4.068730142843050003e+09
0.000000000000000000e+00
1.940382735178060597e+06
0.000000000000000000e+00
1.545794033062523460e+10
