1.320684454858916321e+11
2.401273285275114588e+01
1.000000000000000000e+00
2.401273285275114588e+01
3.228518679823433922e+04
4.579625098638348959e+02
2.203954944574009858e+02
1.011088756850795534e+01
4.992014251970140890e+02
1.000000000000000000e+00
3.228518679823433922e+04
4.579625098638348959e+02
4.579625098638348959e+02
1.000000000000000000e+00
2.203954944574009858e+02
1.000000000000000000e+00
1.011088756850795534e+01
1.000000000000000000e+00
4.992014251970140890e+02
5.519758775320456505e+09
2.120730968829106140e+10
3.558355197881075740e+07
1.082025510833341827e+11
1.000000000000000000e+00
1.320684454858916321e+11
1.000000000000000000e+00
5.519758775320456505e+09
1.000000000000000000e+00
2.120730968829106140e+10
1.000000000000000000e+00
3.558355197881075740e+07
1.000000000000000000e+00
1.082025510833341827e+11
