8.575965275186018033e+00
1.091350541946439767e-01
0.000000000000000000e+00
4.959261335558542982e-01
-1.297696331054203414e-02
1.519258760850381140e+00
2.594210281151397179e+00
8.063926447602891567e-01
-4.154277866792938312e+00
0.000000000000000000e+00
-4.163462743954586022e-03
1.472238299485018720e+00
1.144439071648290396e+00
0.000000000000000000e+00
2.615043450566747474e+00
0.000000000000000000e+00
1.617955611248284908e+00
0.000000000000000000e+00
-4.073686881435024887e+00
0.000000000000000000e+00
0.000000000000000000e+00
-3.278200253113222051e-01
-4.296301805333870902e+02
0.000000000000000000e+00
9.087168155544366854e+00
0.000000000000000000e+00
0.000000000000000000e+00
0.000000000000000000e+00
0.000000000000000000e+00
0.000000000000000000e+00
0.000000000000000000e+00
0.000000000000000000e+00
-4.267611203760970398e+02
